[0.22220620734844065, 0.33277004261279997, -0.383172044761502]
[0.2217753133075166, 0.3334206957547112, -0.3830549807879696]
[0.2211376008334494, 0.33258180599396087, -0.38302883551912953]
[0.22066175486617332, 0.33199644098051073, -0.3831263995381352]
[0.2206852904768963, 0.332819126752908, -0.3831087511424709]
[0.2207266060402864, 0.33376633952484575, -0.3831180940447293]
[0.21968250522015964, 0.3326366694847166, -0.38300144736070885]
[0.2190798402603353, 0.3318094913614974, -0.38313293032407525]
[0.21906767093392118, 0.33264067289568894, -0.3831090781430406]
[0.21904177764942914, 0.33340839186075494, -0.3831400282840255]
[0.2180388423420801, 0.33216758382879674, -0.3831175604765753]
[0.21767408079451658, 0.33235318178418133, -0.3830190908598282]
[0.2177298660178278, 0.33338230532609714, -0.3830614025960187]
[0.21734138916317108, 0.33325975946179054, -0.38309560440094825]
[0.2162797628258648, 0.33174525183694353, -0.3830981761599808]
[0.21619427944309877, 0.33246085443703177, -0.38314244153315097]
[0.21622765936427477, 0.33326563363684447, -0.38317366236574435]
[0.21588742669883448, 0.33312542076965285, -0.3831711457606615]
[0.21530826624123833, 0.3320259174227816, -0.38317623605616147]
[0.21480592423824046, 0.3314875436996285, -0.3831947633381303]
[0.214731511936443, 0.33328838570333635, -0.38326802089736867]
[0.21427834912439456, 0.33314328657908804, -0.38323927622320475]
[0.21372902573751423, 0.33242159986501485, -0.38303335998169896]
[0.2131143117151117, 0.3317549313164754, -0.38308232370087975]
[0.2130512086481168, 0.3325187432839596, -0.38296203759718206]
[0.21246058021895353, 0.3331704839564251, -0.38294340747757355]
[0.21162865144168916, 0.3319686390537435, -0.38289683137469593]
[0.21106755264963828, 0.33148110451815477, -0.3828040905417004]
[0.21086469912954175, 0.3321184506947782, -0.38281884184972353]
[0.21038919485386584, 0.33300137771591753, -0.38268259141810945]
[0.20977076031527858, 0.3317748884487978, -0.3826601211051684]
[0.20922855697753587, 0.3312714369997877, -0.38258603305248406]
[0.2091443489831418, 0.33199398801784563, -0.38256813122209654]
[0.2090313341151859, 0.3329678696163859, -0.3826034653765223]
[0.20867737478284265, 0.3328492198408156, -0.3826114901046735]
[0.20809181253310843, 0.3320708483301905, -0.3825233673409798]
[0.20762030526915629, 0.33144796232040585, -0.38243206826510195]
[0.20750245545647159, 0.33199694587981426, -0.38256102314935286]
[0.20751557946107524, 0.3329884219853124, -0.3825346901651128]
[0.2071895285028979, 0.33302807804966816, -0.38247864666207687]
[0.2065266468101754, 0.3319336167646819, -0.3823652478060483]
[0.20587121043569043, 0.3318904308146631, -0.3822991791338532]
[0.20584270572534016, 0.3326901781495182, -0.3823958083575059]
[0.20555514205850067, 0.3328291984619637, -0.38219926745846783]
[0.20484254124253828, 0.3320266482671853, -0.38215430273650136]
[0.20433912423213546, 0.3314178725614549, -0.3821082912724298]
[0.2041823658402863, 0.3329066260706883, -0.3822398210170874]
[0.20382314089730724, 0.3329248761361381, -0.3822477793560527]
[0.20315539028851454, 0.33196628409197193, -0.38216539044127756]
[0.2025459057447863, 0.33125257986111434, -0.38214303392334253]
[0.2025604247519821, 0.3321911945848873, -0.38200947121886686]
[0.20204953704892176, 0.33281696766623337, -0.38214833206991555]
[0.20142161282648816, 0.33198022002100597, -0.3819466749587296]
[0.2008642305728674, 0.3315180782375332, -0.3818880134224077]
[0.20080497091780897, 0.3322286771931643, -0.38178825457291293]
[0.20024433041014614, 0.33299594697196033, -0.3818562251664305]
[0.19964056747344525, 0.3321014032338316, -0.3817247491443246]
[0.1990245434134128, 0.3315016769438305, -0.38170667123379004]
[0.1988778753801083, 0.3322176994212779, -0.38164325274458855]
[0.19867623324686692, 0.33288144544042975, -0.38175392930880553]
[0.19823463706853808, 0.33298462887614333, -0.3816103440604875]
[0.1968884810056402, 0.33130428956448543, -0.3815883855077924]
[0.19673734281503924, 0.3320549721836826, -0.38147561115449696]
[0.19663148101312902, 0.33302928047381675, -0.38141420028402967]
[0.19617812394179882, 0.33274984907939653, -0.3813373146421236]
[0.19541211524466742, 0.33197651968864805, -0.3812346034934424]
[0.1944245130741852, 0.3318382076558744, -0.3811948979843939]
[0.1942446675706227, 0.33271782022752866, -0.3812464569171161]
[0.19374324613843474, 0.33258578215356566, -0.3812262850614623]
[0.19289060274953343, 0.3316566749682414, -0.3811086236358119]
[0.1923667199887808, 0.3313251194048112, -0.3809533323870964]
[0.1921360462498946, 0.3318491280321978, -0.38096622674473013]
[0.19141005071102446, 0.3325743634005679, -0.38097948304595824]
[0.1905655801567531, 0.3315591171902593, -0.38081294439606606]
[0.18991499648606755, 0.3310472203245751, -0.3806833018378655]
[0.1896720381946332, 0.3327650135788607, -0.38082205141429887]
[0.18926695379850805, 0.3328972327751444, -0.380640416858453]
[0.18850173711453114, 0.3316891822504082, -0.3806046351728135]
[0.1878817145516454, 0.33117698509506327, -0.38049448672491243]
[0.18763093480089557, 0.33173879783901195, -0.3805969185246781]
[0.18746251824059368, 0.33257798652588794, -0.3806934462599856]
[0.18629943614562283, 0.33155548698433035, -0.38064779725707554]
[0.18570178885962954, 0.3309666041525754, -0.3806315910438106]
[0.18546382122581484, 0.3316125655797094, -0.38076770250895975]
[0.18536874535533718, 0.33283061856961993, -0.3807992881347937]
[0.18423589895544928, 0.33184567006286136, -0.3806576950102672]
[0.18361440906753743, 0.33118390058035924, -0.38061849772252726]
[0.18333244227893156, 0.3317124486907971, -0.38075322502657355]
[0.18318793696228935, 0.33257612477798504, -0.38083091487414544]
[0.1828650906385356, 0.3328126703310943, -0.38067033695203295]
[0.18207987719266203, 0.33162330300685805, -0.380612133019667]
[0.18125066948349328, 0.3316616309330323, -0.3807281210185717]
[0.18111680613295428, 0.3326301383544925, -0.38078768090156234]
[0.1806818942054347, 0.3324546567768541, -0.3807226530464794]
[0.18000152513628648, 0.33176739435918257, -0.3805440714751339]
[0.1792046420066472, 0.3316890305704117, -0.38061557394974777]
[0.17911161878511386, 0.3327121494837804, -0.38066914664129786]
[0.1787162301633615, 0.3327334259912039, -0.380632948336574]
[0.17804725960981962, 0.33188480680542987, -0.3804621100937282]
[0.17748256538059698, 0.33120220778970494, -0.3804790448358722]
[0.1773082111228701, 0.3317042559389214, -0.3806296330102471]
[0.17688496908738968, 0.3328364252276394, -0.38069218455258946]
[0.17634435733093398, 0.33222718930216955, -0.38048987540764234]
[0.17561131640577266, 0.33140764803648237, -0.3805341115972135]
[0.17538184978463112, 0.33190666865743923, -0.3806969951243656]
[0.17526058791480545, 0.33273527135631686, -0.38082697070323285]
[0.17437905770116563, 0.3319449825544496, -0.3805720826298112]
[0.17378399447862214, 0.331279859221401, -0.3805426034764321]
[0.17344062396198315, 0.33175943796930557, -0.3808000791031461]
[0.17344169241481697, 0.33275206598549356, -0.3808716232399056]
[0.17250427960948775, 0.3322111473242, -0.3805515506751512]
[0.17176811320894228, 0.3311537199338628, -0.3806520018546515]
[0.17160545917776732, 0.3317348677625815, -0.3807448126622528]
[0.1714932820833324, 0.3327504449190414, -0.38083465414467993]
[0.17125103571043393, 0.3330532174506773, -0.38059473891817314]
[0.16980462416922, 0.33113120126844225, -0.38055226049514673]
[0.1694682537074989, 0.33151142839895753, -0.3807904523298743]
[0.16933465114981305, 0.3325834403889365, -0.3808930366353385]
[0.16903614127627645, 0.3328208238030311, -0.3807415033613242]
[0.16835591080069617, 0.33200871361246087, -0.38052279708897585]
[0.16762841332947076, 0.33117554958552303, -0.38053102483283396]
[0.16726930024963088, 0.33248444159678203, -0.38080604662965917]
[0.16691649561325558, 0.3328586934691117, -0.380692987645319]
[0.16610989775522605, 0.33146530644647615, -0.38073469698540174]
[0.16533268609552215, 0.33059537895694635, -0.38062375826970923]
[0.16489608141506232, 0.3309332580826602, -0.3808120026164182]
[0.16458948838578297, 0.33267115413583603, -0.38045729688644486]
[0.16386513146045126, 0.3314805811595827, -0.3804385994937495]
[0.16314111348577312, 0.3306460778498084, -0.38030660393626137]
[0.16280798193367818, 0.3308869797379216, -0.38050622024161707]
[0.16270109739644023, 0.33207016137877343, -0.38053128434708816]
[0.16206385014572602, 0.3318654734213981, -0.3800469469442607]
[0.1612350845190445, 0.3302212838529597, -0.38017332793471625]
[0.16114470512738202, 0.33080307519287433, -0.38025340562554694]
[0.1613237840803935, 0.3320198833301019, -0.3802703828820778]
[0.16140805612501002, 0.33272719543533136, -0.37993529554827515]
[0.16077334356481687, 0.33122107671026446, -0.3799493012481755]
[0.15998165404676262, 0.32969532516534716, -0.37999087177328356]
[0.15982023625222985, 0.32975366666189554, -0.38017791996338635]
[0.1603815886343675, 0.33195722033986774, -0.3796702869865451]
[0.16047079831573988, 0.33270285750273704, -0.37933620082100233]
